a: 4.255952118610453
b: 6.402769575220146
c: 8.41229825381015
d: 5.523284000458363
e: 2.347571993970753
f: 2.8552980687016847
g: 1.925348400574718
h: 3.669114211922748
i: 5.325173869736529
j: 0.0
k: 4.261461299108834
l: 3.0990242139501265
m: 3.206563417278553
n: 3.472987386180331
o: 6.630849647853182
p: 5.507858295062893
q: 5.134996958932365
r: 1.3142700996941303
s: 4.721147319893871
t: 6.512732817967862
u: 5.636552751505109
v: 1.3528343631828077
w: 0.9284070975874198
x: 1.9134485706982114
y: 3.673080821881584
z: 1.9169744462171763
1: 0.0
2: 0.0
3: 0.0
4: 0.0
5: 0.0
6: 0.0
7: 0.0
8: 0.0
9: 0.0
0: 0.0
