a: 0.2821499828694653
b: 1.6047280275700841
c: 0.211612487152099
d: 1.8652129224692153
e: 0.9119490517745219
f: 2.310102984743747
g: 7.198351437957235
h: 4.563272133658478
i: 5.133114331203773
j: 0.08313347709546746
k: 1.3084705455571455
l: 6.277837118845604
m: 5.308450391986941
n: 1.9911727362502267
o: 3.3248352445635745
p: 0.7527358471553235
q: 0.11991374271952276
r: 5.0273080876277225
s: 4.572845079505834
t: 1.881335778633185
u: 1.7105342711461338
v: 9.291299703742519
w: 3.2013946270581837
x: 1.9770652371067534
y: 1.1784800177351418
z: 6.253652834599649
1: 0.04584937221628812
2: 0.014611338398597311
3: 0.014611338398597311
4: 0.010076785102480905
5: 0.01713053467421754
6: 0.012595981378101131
7: 0.011084463612728995
8: 0.013603659888349221
9: 0.009069106592232815
0: 0.05290312178802475
