a: 2.07404838290124
b: 1.5611722882164225
c: 3.2034162837076217
d: 1.722015087141247
e: 3.7405705367207145
f: 2.818434058787826
g: 3.791294546085147
h: 2.1004942339373973
i: 4.191450619960115
j: 2.4377872192837944
k: 3.8463539408653427
l: 3.747940691927512
m: 3.8394173242001215
n: 1.3912251799184947
o: 1.7909477152518858
p: 2.6640943379866466
q: 2.2140813318304
r: 3.948235498135784
s: 3.7245296106823895
t: 1.992543137084887
u: 1.5087141246856846
v: 4.31891095118356
w: 3.6928812971473164
x: 4.39608081158415
y: 3.118442729558658
z: 1.8542443423220325
1: 0.07673632185901326
2: 0.031214774993496924
3: 0.02254400416197
4: 0.016040926038324806
5: 0.020809849995664615
6: 0.020809849995664615
7: 0.021676927078817305
8: 0.0169080031214775
9: 0.02471169686985173
0: 0.031214774993496924
