a: 1.9752731405644763
b: 3.9226459759372703
c: 3.9781042512876077
d: 2.426813049126789
e: 3.2775156061983184
f: 2.3778591394039603
g: 2.142332636681541
h: 2.4399929478983196
i: 3.819774298512726
j: 3.2682725603065954
k: 3.155986669473814
l: 2.6845913289959484
m: 2.6445381301318163
n: 3.308325759170728
o: 3.107717429817039
p: 2.485865842323907
q: 4.163136336638578
r: 2.8473716372001787
s: 2.156539540552152
t: 1.6534782095193101
u: 3.576716425063717
v: 2.964621386011848
w: 2.5479996508182663
x: 4.85122975302239
y: 3.756955819952313
z: 0.7986676320514597
1: 0.015062741453177982
2: 0.006504365627508674
3: 0.0035945178467811094
4: 0.0029098477807275648
5: 0.0027386802642141786
6: 0.00222517771467402
7: 0.0018828426816472478
8: 0.0025675127477007924
9: 0.0025675127477007924
0: 0.004621522945861426
