a: 0.0
b: 0.0
c: 0.0
d: 0.0
e: 0.0
f: 0.0
g: 0.0
h: 0.0
i: 0.0
j: 0.0
k: 0.0
l: 0.0
m: 0.0
n: 0.0
o: 0.0
p: 0.0
q: 0.0
r: 0.0
s: 0.0
t: 0.0
u: 0.0
v: 0.0
w: 0.0
x: 0.0
y: 0.0
z: 0.0
1: 14.17779020307463
2: 8.200064127167648
3: 6.898566931546618
4: 6.4392521445483215
5: 6.657063386388298
6: 7.024767933888996
7: 6.065387598184854
8: 6.364700363439933
9: 6.585196732989321
0: 7.028084856353566
