a: 3.612832771048042
b: 3.225823016211275
c: 2.1818723329961336
d: 1.8626449146986683
e: 3.7857119627265616
f: 3.2535521538864445
g: 3.613175106081069
h: 3.350604135749534
i: 2.966161893660469
j: 2.0613704013707093
k: 2.405930612112156
l: 3.3824412938210235
m: 2.459334877264332
n: 3.110456110081253
o: 2.2790954823757366
p: 2.526603711254093
q: 2.238871115995091
r: 4.34269106146112
s: 3.2824794641772064
t: 2.930901385258711
u: 2.8682540742148115
v: 3.7430912511147287
w: 2.7749677777150166
x: 2.4815866544110725
y: 2.7932827019819486
z: 2.7985888949938635
1: 0.015062741453177982
2: 0.006504365627508674
3: 0.0035945178467811094
4: 0.0029098477807275648
5: 0.0027386802642141786
6: 0.00222517771467402
7: 0.0018828426816472478
8: 0.0025675127477007924
9: 0.0025675127477007924
0: 0.004621522945861426
