a: 5.036395402777235
b: 6.236858419932282
c: 1.311014865972141
d: 0.06676464595228496
e: 4.642744113655971
f: 4.698670343057561
g: 7.014623191610199
h: 2.129965620542701
i: 0.7040635391331868
j: 1.754956407888633
k: 0.1335292919045699
l: 1.6157911393777016
m: 0.057660376049700646
n: 5.9459553197116115
o: 1.3535014588508678
p: 1.9092954595705387
q: 3.0005072378945727
r: 9.32970896683878
s: 1.5772063764572253
t: 1.577639913119253
u: 4.505312991793152
v: 5.185965551176835
w: 0.145668318441349
x: 0.7821001382981951
y: 3.0690060304949687
z: 1.9149314361769005
1: 0.07673598917892491
2: 0.031214639666003356
3: 0.022543906425446868
4: 0.016040856495029503
5: 0.02080975977733557
6: 0.02080975977733557
7: 0.021676833101391218
8: 0.01690792981908515
9: 0.024711589735585987
0: 0.031214639666003356
