a: 0.0
b: 0.0
c: 0.0
d: 0.0
e: 0.0
f: 0.0
g: 0.0
h: 0.0
i: 0.0
j: 0.0
k: 0.0
l: 0.0
m: 0.0
n: 0.0
o: 0.0
p: 0.0
q: 0.0
r: 0.0
s: 0.0
t: 0.0
u: 0.0
v: 0.0
w: 0.0
x: 0.0
y: 0.0
z: 0.0
1: 2.1437679311444056
2: 1.3727287217086388
3: 1.5102008288173414
4: 1.1582191053023059
5: 0.741818085219424
6: 0.6667729253001806
7: 4.439618531505685
8: 26.505552013601104
9: 26.39198809903305
0: 1.736000425034534
