a: 2.162020601757551
b: 1.5336635730937898
c: 3.3061062404359984
d: 1.702092697638911
e: 3.989921639376812
f: 2.80749441137102
g: 3.7691151651255863
h: 2.1250483549061827
i: 4.21415146981798
j: 2.447357340189175
k: 3.8418614841618424
l: 3.9413099814796433
m: 3.64364916076423
n: 1.46810630205641
o: 1.7969196641002907
p: 2.7600809281403302
q: 2.173317677184358
r: 4.072424523554402
s: 3.56816415677602
t: 1.9680874735973655
u: 1.56173509385131
v: 4.209187603342565
w: 3.8637709637774678
x: 4.384976943696061
y: 3.215558469212046
z: 1.8035952086706764
1: 0.015062767235742578
2: 0.006504376760888841
3: 0.0035945239994385693
4: 0.0029098527614502706
5: 0.002738684951953196
6: 0.002225181523461972
7: 0.0018828459044678222
8: 0.002567517142456121
9: 0.002567517142456121
0: 0.004621530856421018
