a: 4.05656447381754
b: 6.482284195949065
c: 7.689796102185344
d: 5.7707247323207875
e: 2.0817617852036165
f: 2.7375899300825273
g: 2.0986500636125154
h: 3.7672119704117364
i: 5.4588545243697855
j: 0.0
k: 4.241772593701798
l: 2.9593893198527343
m: 3.457030590301625
n: 3.3523232641664507
o: 6.6173904232202565
p: 5.702608676071561
q: 4.949391459034666
r: 1.4360666073700445
s: 4.909985476080568
t: 6.694513561287563
u: 5.8973868203875295
v: 1.1793647755547798
w: 0.9941566556705208
x: 1.8278746664565013
y: 3.847149821547192
z: 1.7901575113432937
1: 0.0
2: 0.0
3: 0.0
4: 0.0
5: 0.0
6: 0.0
7: 0.0
8: 0.0
9: 0.0
0: 0.0
