a: 2.154427509761935
b: 1.6138052651467438
c: 3.300667590376622
d: 1.7956921526640635
e: 4.092203048242852
f: 2.825544778939413
g: 4.0468572868119415
h: 2.1393122559516313
i: 4.2619977327119285
j: 2.554477893941302
k: 3.9813578536339587
l: 3.8342360498803374
m: 3.91686610404333
n: 1.4525758911701725
o: 1.777553848091699
p: 2.7580299785867237
q: 2.2229499937019774
r: 4.172313893437461
s: 3.837762942436075
t: 2.1569467187303184
u: 1.5190830079355082
v: 4.423730948482177
w: 3.7873787630683964
x: 4.613679304698325
y: 3.3228366292984
z: 1.7790653734727297
1: 0.045849603224587476
2: 0.014611412016626779
3: 0.014611412016626779
4: 0.01007683587353571
5: 0.017130620985010708
6: 0.012596044841919639
7: 0.011084519460889281
8: 0.013603728429273208
9: 0.00906915228618214
0: 0.05290338833606248
