a: 3.7702291460932305
b: 3.4573449686611983
c: 2.306576109957879
d: 1.7553759648521734
e: 3.816078518309519
f: 3.3797537233720956
g: 3.9642072593159874
h: 3.343477297003164
i: 3.051754368286342
j: 2.2007698663818296
k: 2.4214514601261614
l: 3.3671577419939944
m: 2.675890283963804
n: 3.190814002700578
o: 2.3211874483564765
p: 2.6315524295128885
q: 2.2692920050786998
r: 4.4514198190209395
s: 3.090549990930893
t: 3.008928031600798
u: 2.8708760756968097
v: 4.046333057901207
w: 2.89455652068764
x: 2.5993067171849495
y: 2.6995707289546345
z: 2.7570084040387752
1: 0.04584937221628812
2: 0.014611338398597311
3: 0.014611338398597311
4: 0.010076785102480905
5: 0.01713053467421754
6: 0.012595981378101131
7: 0.011084463612728995
8: 0.013603659888349221
9: 0.009069106592232815
0: 0.05290312178802475
