a: 0.0
b: 0.0
c: 0.0
d: 0.0
e: 0.0
f: 0.0
g: 0.0
h: 0.0
i: 0.0
j: 0.0
k: 0.0
l: 0.0
m: 0.0
n: 0.0
o: 0.0
p: 0.0
q: 0.0
r: 0.0
s: 0.0
t: 0.0
u: 0.0
v: 0.0
w: 0.0
x: 0.0
y: 0.0
z: 0.0
1: 14.042973155876382
2: 8.219743965711707
3: 6.897981051206857
4: 6.453868711933228
5: 6.724706744868035
6: 7.060540266185428
7: 6.135094743965712
8: 6.304844349199187
9: 6.549176629821791
0: 6.996672682156553
