a: 5.31372438264156
b: 5.775020839645135
c: 1.1218319032287327
d: 0.06744000150627415
e: 4.318042939083193
f: 4.8392480268664535
g: 6.848241168184066
h: 2.246744821754707
i: 0.797469459435866
j: 1.8653835949628823
k: 0.08780893597136709
l: 1.748647348700753
m: 0.03919736128156543
n: 6.527473242237981
o: 1.1060844917095014
p: 1.823618720933616
q: 3.4699078947593645
r: 9.454780109649912
s: 1.513292013494847
t: 1.5856958729800092
u: 5.006649858016545
v: 4.8705716823884035
w: 0.11827675391074984
x: 0.6839853959874911
y: 3.3321180439660885
z: 1.7710702933640066
1: 0.015062741453177982
2: 0.006504365627508674
3: 0.0035945178467811094
4: 0.0029098477807275648
5: 0.0027386802642141786
6: 0.00222517771467402
7: 0.0018828426816472478
8: 0.0025675127477007924
9: 0.0025675127477007924
0: 0.004621522945861426
