a: 0.2878683435864754
b: 1.7029320084452941
c: 0.2575207772445277
d: 1.6890588352604037
e: 0.8154824612743377
f: 2.1845912399582073
g: 6.772709734198673
h: 4.70473985632595
i: 5.08148321562813
j: 0.1101183121550674
k: 1.2004630171550457
l: 6.220384026775224
m: 5.170791768005861
n: 1.7805350709482748
o: 3.085480423652026
p: 0.8926519871152904
q: 0.10231465223856655
r: 4.74679291254265
s: 4.499243478524761
t: 1.8156515405725284
u: 1.5225807570417191
v: 9.21829004469763
w: 3.060335297254412
x: 1.7853039742305807
y: 1.266360589783275
z: 5.715313815512809
1: 0.07673598917892491
2: 0.031214639666003356
3: 0.022543906425446868
4: 0.016040856495029503
5: 0.02080975977733557
6: 0.02080975977733557
7: 0.021676833101391218
8: 0.01690792981908515
9: 0.024711589735585987
0: 0.031214639666003356
