a: 3.5012420825367094
b: 3.4058640168905883
c: 2.2825705255764954
d: 1.8178192238826676
e: 3.6295689344969455
f: 3.3373652242901923
g: 3.814689089182827
h: 3.271034114999935
i: 3.0507974906898
j: 2.10438695748306
k: 2.367977247995977
l: 3.2354841087136537
m: 2.515379713085437
n: 2.945014545155011
o: 2.253090032558603
p: 2.540524839483051
q: 2.1611802602087047
r: 4.247358677886595
s: 3.055999930634134
t: 2.8674114826520305
u: 2.807583423292191
v: 3.8866561750794455
w: 2.7317145074373212
x: 2.6545449815963686
y: 2.5561321593160526
z: 2.658446811554619
1: 0.07673598917892491
2: 0.031214639666003356
3: 0.022543906425446868
4: 0.016040856495029503
5: 0.02080975977733557
6: 0.02080975977733557
7: 0.021676833101391218
8: 0.01690792981908515
9: 0.024711589735585987
0: 0.031214639666003356
