a: 1.9770652371067534
b: 3.8367359277696043
c: 4.1833773352949475
d: 2.6164372518591668
e: 3.2961164070215037
f: 2.4461395836272395
g: 2.2315040609443964
h: 2.5106310082831174
i: 3.819101553840263
j: 3.2825127471331546
k: 3.23464801789637
l: 2.7927809911525827
m: 2.7675890283963804
n: 3.3943650617706926
o: 3.219029000987525
p: 2.4023055684314474
q: 4.3844091980894415
r: 2.930329107801447
s: 2.325218162397469
t: 1.751345250811181
u: 3.5344323746951773
v: 3.1369032024023054
w: 2.547411273907173
x: 4.826276224833229
y: 4.022148773655252
z: 0.8726495898748463
1: 0.04584937221628812
2: 0.014611338398597311
3: 0.014611338398597311
4: 0.010076785102480905
5: 0.01713053467421754
6: 0.012595981378101131
7: 0.011084463612728995
8: 0.013603659888349221
9: 0.009069106592232815
0: 0.05290312178802475
