a: 0.0
b: 0.0
c: 0.0
d: 0.0
e: 0.0
f: 0.0
g: 0.0
h: 0.0
i: 0.0
j: 0.0
k: 0.0
l: 0.0
m: 0.0
n: 0.0
o: 0.0
p: 0.0
q: 0.0
r: 0.0
s: 0.0
t: 0.0
u: 0.0
v: 0.0
w: 0.0
x: 0.0
y: 0.0
z: 0.0
1: 14.04165226313133
2: 8.233815488227387
3: 6.915574482936091
4: 6.403728978661416
5: 6.737927812610097
6: 7.1026087609572714
7: 6.0701927993735705
8: 6.338236609682048
9: 6.5252156664814915
0: 7.005971622918575
