a: 1.9387759525884305
b: 3.8211921391132444
c: 4.039694616775267
d: 2.431707137314067
e: 3.1388054330814485
f: 2.352803464825003
g: 2.1741863600695392
h: 2.3692778579820604
i: 3.815556162506882
j: 3.1435743363637547
k: 3.0607688339164403
l: 2.791109030135133
m: 2.6272321718886156
n: 3.2458889886023212
o: 3.1522450696043114
p: 2.367543711333949
q: 4.116430605954193
r: 2.824491353111276
s: 2.269130889053633
t: 1.70379908176935
u: 3.4392463398667306
v: 3.048196270717633
w: 2.4702919002345434
x: 4.68479716987267
y: 3.840267752242468
z: 0.8328239277554507
1: 0.07673598917892491
2: 0.031214639666003356
3: 0.022543906425446868
4: 0.016040856495029503
5: 0.02080975977733557
6: 0.02080975977733557
7: 0.021676833101391218
8: 0.01690792981908515
9: 0.024711589735585987
0: 0.031214639666003356
