a: 0.3363441699488038
b: 1.819681868053808
c: 0.2511027467251375
d: 1.808898314513465
e: 0.7514253974937652
f: 2.264375075955585
g: 6.743657815594388
h: 4.837365184184806
i: 4.598072996099092
j: 0.08027756524477811
k: 1.0506262163591642
l: 5.757732920477284
m: 5.341624687833241
n: 1.7431699881723244
o: 3.3494059631339406
p: 0.7551910828570597
q: 0.10543919017224586
r: 4.589685787789937
s: 5.008532700698192
t: 1.6890810529540945
u: 1.4954905917774548
v: 9.500824171592011
w: 3.526050840175755
x: 1.6601537426633322
y: 1.0350499723564461
z: 6.230326433570743
1: 0.015062741453177982
2: 0.006504365627508674
3: 0.0035945178467811094
4: 0.0029098477807275648
5: 0.0027386802642141786
6: 0.00222517771467402
7: 0.0018828426816472478
8: 0.0025675127477007924
9: 0.0025675127477007924
0: 0.004621522945861426
