a: 5.381507083979927
b: 6.305044438622303
c: 1.4122614321126987
d: 0.07204901348273847
e: 4.754227211350491
f: 4.595014006731293
g: 7.359579999596928
h: 2.29801084262077
i: 0.6832060299482053
j: 1.8596706906628508
k: 0.11437151091315827
l: 1.569459279711401
m: 0.05642999657389307
n: 6.479372820895221
o: 1.2137487655938248
p: 2.0743062133456944
q: 3.207440698119672
r: 9.520042725568835
s: 1.7226264132691107
t: 1.7201072169934903
u: 4.54110320643302
v: 5.406195207481005
w: 0.13099820633225176
x: 0.6489449605997702
y: 3.297627924786876
z: 1.9181160442572402
1: 0.04584937221628812
2: 0.014611338398597311
3: 0.014611338398597311
4: 0.010076785102480905
5: 0.01713053467421754
6: 0.012595981378101131
7: 0.011084463612728995
8: 0.013603659888349221
9: 0.009069106592232815
0: 0.05290312178802475
