a: 4.193879100850547
b: 6.4328928716079385
c: 7.771364925070879
d: 5.7019542324827865
e: 2.1985115431348725
f: 2.8452814904819763
g: 2.0972559740785743
h: 3.8034123126771973
i: 5.210864722559741
j: 0.0
k: 4.166666666666666
l: 3.175627784528149
m: 3.6141909680032405
n: 3.148415350344269
o: 6.856900567031186
p: 5.580447549615228
q: 5.046324422843256
r: 1.3878341433778858
s: 4.822929323612798
t: 6.6974230457675175
u: 5.7968813284730665
v: 1.224559538274605
w: 0.9163628999594978
x: 1.635910287565816
y: 3.8534072498987446
z: 1.8207017010935602
1: 0.0
2: 0.0
3: 0.0
4: 0.0
5: 0.0
6: 0.0
7: 0.0
8: 0.0
9: 0.0
0: 0.0
